 50 0 AA 85 82 24 0 0 0 0 0 0 0 0 0 0 0 0 0 0 0 
 50 0 19 69 6A A3 0 0 0 0 0 0 0 0 0 0 0 0 0 0 0 
 50 0 59 40 0 A3 0 0 0 0 0 0 0 0 0 0 0 0 0 0 0 
 50 0 D9 D9 6A A2 0 0 0 0 0 0 0 0 0 0 0 0 0 0 0 
 50 0 89 36 F0 A3 0 0 0 0 0 0 0 0 0 0 0 0 0 0 0 
 50 0 D9 F6 7D A3 0 0 0 0 0 0 0 0 0 0 0 0 0 0 0 
 50 0 A9 83 AF A3 0 0 0 0 0 0 0 0 0 0 0 0 0 0 0 
 50 0 EA 7C 7C 24 0 0 0 0 0 0 0 0 0 0 0 0 0 0 0 
 50 0 49 2B AF A3 0 0 0 0 0 0 0 0 0 0 0 0 0 0 0 
 50 0 89 19 35 A3 0 0 0 0 0 0 0 0 0 0 0 0 0 0 0 
 50 0 B9 5E 4 A3 0 0 0 0 0 0 0 0 0 0 0 0 0 0 0 
 50 0 19 78 5F A3 0 0 0 0 0 0 0 0 0 0 0 0 0 0 0 
 50 0 E9 3D 68 A3 0 0 0 0 0 0 0 0 0 0 0 0 0 0 0 
 50 0 B9 5E 42 A3 0 0 0 0 0 0 0 0 0 0 0 0 0 0 0 
 50 0 E7 1F 8C 53 0 0 0 0 0 0 0 0 0 0 0 0 0 0 0 